Processador--> AMD Ryzen 5 7600X 6-Core Processor

nvcc -o t4 matrix_lib_test.cu matrix_lib.cu timer.c
######### 1024x1024 #############################
./matrix_lib_test 77.0 1024 1024 1024 1024 256 4096 1024 1024_A.dat 1024_B.dat result1_1024.dat result2_1024.dat

Scalar-matrix multiplication time: 269.456970 ms
Matrix Matriz A::
497.531006 258.895325 285.541748 15.907191 682.538391 623.153931 232.441254 702.698853 88.362099 286.869507 490.333130 114.942131 536.708923 268.953186 572.776123 75.275536 
20.366934 237.408127 30.197525 672.528748 553.399475 289.148590 212.871933 313.634003 558.019348 36.844093 2.770607 36.901390 241.575607 560.003479 285.013275 739.106628 
48.898853 570.555054 755.013733 731.437195 423.708893 217.455048 664.136108 512.070984 504.324493 384.469299 627.013123 271.033478 653.422424 429.789276 346.308990 673.789429 
667.197449 376.506531 576.318176 450.596863 665.655151 19.190136 764.230835 453.674438 56.034229 767.001465 490.575836 297.609833 557.004944 5.589109 266.716431 605.903809 
576.144104 251.730225 567.341064 229.853012 469.185272 461.477173 741.924011 203.509781 75.946465 598.937134 474.543213 729.368958 258.726410 50.852207 633.158386 155.923798 
427.358704 439.476593 606.520630 323.013824 458.666748 600.751465 6.688279 514.700928 597.752869 497.264099 42.310791 384.757904 502.853241 309.027222 220.661713 308.997314 
560.757446 18.002741 538.850403 259.942657 479.479889 510.774353 463.452423 555.426392 339.711487 167.995651 514.795349 598.437866 218.847885 377.953735 754.361633 646.206604 
47.430328 590.882324 199.220428 506.097107 421.633820 205.908707 250.798035 249.386719 703.172791 293.108826 634.144592 436.026031 602.136047 84.806290 745.023438 392.893494 
102.809029 513.873718 652.836182 582.288940 254.648117 346.288574 367.715332 594.359619 514.284241 112.510674 422.797546 733.132141 490.464386 407.159180 609.338745 537.894714 
228.041534 38.559135 273.991821 649.675293 244.467850 524.789856 129.062027 177.640671 47.898651 763.206665 613.666748 650.034668 78.012917 588.690063 272.928162 180.821945 
332.563812 155.764297 763.110901 587.211914 502.052887 360.826202 411.571564 246.337143 473.336914 64.369072 209.469254 193.801331 471.528259 48.807945 731.696045 699.569824 
87.367088 235.687881 579.245117 331.834930 760.477722 708.307190 509.475586 38.376354 701.513794 353.142303 688.411011 9.526706 171.832413 191.339203 190.348633 504.396240 
347.103516 183.459534 321.608185 79.156395 544.285767 733.179688 325.493530 247.622650 27.548801 534.962830 441.423981 499.077087 583.770752 403.120026 428.646881 671.137817 
638.807922 237.892029 232.972717 629.285583 176.199188 742.448364 667.661987 107.712982 325.590637 586.072998 117.239693 497.423065 7.412210 307.588348 231.819290 354.515717 
491.047852 553.427429 433.672119 265.333649 516.607239 759.165649 512.956299 544.156006 524.128418 184.380249 273.233063 337.899109 587.500305 701.879944 239.036926 456.308167 
169.771973 472.009644 315.593781 345.971161 444.457947 213.255722 453.684174 0.048599 29.328737 570.923889 497.471649 36.740948 108.512199 729.290894 391.256683 599.560059 
Overall time: 286.286011 ms

######### 2048x2048 #############################
./t4 77.0 2048 2048 2048 2048 256 16384 1024 2048_A.dat 2048_B.dat result1_2048.dat result2_2048.dat

Scalar-matrix multiplication time: 170.552002 ms
Matrix Matriz A::
83.296310 513.855347 722.464417 20.108017 186.539673 640.335388 254.378815 611.668274 195.954575 379.308502 293.293823 154.105560 564.701111 502.468292 29.782782 71.397530 
444.611877 324.391693 288.984406 718.001221 27.711311 761.090820 664.065369 150.926361 749.461975 37.663834 586.262146 728.223328 114.195137 69.648918 602.645935 197.491440 
583.504211 555.110352 217.599472 0.043887 425.445801 471.978271 611.712158 621.400330 81.286812 135.005966 5.505922 645.987854 637.474304 35.288704 717.385437 312.086182 
359.680359 236.369843 260.087372 387.391663 227.460693 154.152710 538.318054 206.922684 191.816544 354.580200 165.145981 306.011688 424.229126 767.791931 503.503113 237.733307 
552.902344 721.102539 237.777191 208.348099 423.080872 79.489349 59.748463 504.367706 214.495331 65.254379 380.355621 81.969597 100.543083 327.741089 394.055786 460.223450 
564.110901 654.143127 77.615150 21.571608 38.295853 615.933167 228.494278 230.112381 200.513367 393.640289 536.124084 624.742493 391.432220 269.627197 92.475769 174.334488 
220.729797 330.252960 382.682617 643.810669 409.742310 442.431091 378.178375 624.237610 507.685455 758.533936 706.207214 608.228516 316.275024 330.263031 298.451965 110.385933 
214.406143 376.067108 131.957535 252.701996 222.000305 360.451813 482.814423 422.513641 754.092102 248.938492 277.256104 375.524292 518.565674 369.731903 549.858765 739.295410 
699.984802 162.541412 613.106140 339.727173 604.972412 221.284500 193.964783 342.657867 209.818451 130.171997 180.886383 526.093445 460.434998 479.338348 636.479431 674.841125 
85.405479 768.436890 157.543152 307.405792 358.888794 640.357544 729.919434 342.980865 119.296021 237.175583 718.505249 637.861694 606.907471 498.363983 607.157166 536.892334 
660.905396 450.263336 106.619461 495.877838 671.547791 300.584259 68.535721 111.366257 430.756226 249.422104 637.459717 121.191223 728.760437 503.939148 26.032373 44.165947 
502.376099 183.575531 351.571716 91.264885 53.933075 311.491180 434.245758 173.229095 548.666809 382.750977 41.090797 385.574249 111.114975 648.247986 152.466568 2.020372 
328.511292 259.086029 497.898193 230.059067 559.670288 566.433960 341.425293 220.426498 45.856022 208.885071 341.617737 4.616483 712.824219 367.650085 48.782425 445.200317 
551.225647 400.354156 536.465271 605.158691 711.845398 200.710999 8.387787 490.512146 583.461975 49.478580 106.086388 694.576965 697.726501 258.552917 696.597351 256.237823 
517.638977 424.495544 486.296875 307.309235 220.929443 57.722206 527.735779 266.785492 266.607269 99.353470 271.401947 209.431503 467.003571 320.184387 654.631836 248.229187 
720.538513 421.097046 83.387878 662.383911 621.808044 91.775658 382.896027 435.269989 141.254242 488.982422 359.846954 68.980797 747.535339 286.444214 325.218597 495.174347 
Overall time: 213.521973 ms