Processador--> AMD Ryzen 5 7600X 6-Core Processor

gcc -std=c11 -pthread -mfma -mavx -mavx2 -o t3 matrix_lib_test.c matrix_lib.c timer.c
######### 1024x1024 #############################3
./t3 77.0 1024 1024 1024 1024 6 1024_A.dat 1024_B.dat result1_1024.dat result2_1024.dat 

Scalar-matrix multiplication time: 0.331000 ms
Matrix-matrix multiplication time: 141.979004 ms

Matrix Matriz A::
497.531006 258.895325 285.541748 15.907191 682.538391 623.153931 232.441254 702.698853 88.362099 286.869507 490.333130 114.942131 536.708923 268.953186 572.776123 75.275536 
20.366934 237.408127 30.197525 672.528748 553.399475 289.148590 212.871933 313.634003 558.019348 36.844093 2.770607 36.901390 241.575607 560.003479 285.013275 739.106628 
48.898853 570.555054 755.013733 731.437195 423.708893 217.455048 664.136108 512.070984 504.324493 384.469299 627.013123 271.033478 653.422424 429.789276 346.308990 673.789429 
667.197449 376.506531 576.318176 450.596863 665.655151 19.190136 764.230835 453.674438 56.034229 767.001465 490.575836 297.609833 557.004944 5.589109 266.716431 605.903809 
576.144104 251.730225 567.341064 229.853012 469.185272 461.477173 741.924011 203.509781 75.946465 598.937134 474.543213 729.368958 258.726410 50.852207 633.158386 155.923798 
427.358704 439.476593 606.520630 323.013824 458.666748 600.751465 6.688279 514.700928 597.752869 497.264099 42.310791 384.757904 502.853241 309.027222 220.661713 308.997314 
560.757446 18.002741 538.850403 259.942657 479.479889 510.774353 463.452423 555.426392 339.711487 167.995651 514.795349 598.437866 218.847885 377.953735 754.361633 646.206604 
47.430328 590.882324 199.220428 506.097107 421.633820 205.908707 250.798035 249.386719 703.172791 293.108826 634.144592 436.026031 602.136047 84.806290 745.023438 392.893494 
102.809029 513.873718 652.836182 582.288940 254.648117 346.288574 367.715332 594.359619 514.284241 112.510674 422.797546 733.132141 490.464386 407.159180 609.338745 537.894714 
228.041534 38.559135 273.991821 649.675293 244.467850 524.789856 129.062027 177.640671 47.898651 763.206665 613.666748 650.034668 78.012917 588.690063 272.928162 180.821945 
332.563812 155.764297 763.110901 587.211914 502.052887 360.826202 411.571564 246.337143 473.336914 64.369072 209.469254 193.801331 471.528259 48.807945 731.696045 699.569824 
87.367088 235.687881 579.245117 331.834930 760.477722 708.307190 509.475586 38.376354 701.513794 353.142303 688.411011 9.526706 171.832413 191.339203 190.348633 504.396240 
347.103516 183.459534 321.608185 79.156395 544.285767 733.179688 325.493530 247.622650 27.548801 534.962830 441.423981 499.077087 583.770752 403.120026 428.646881 671.137817 
638.807922 237.892029 232.972717 629.285583 176.199188 742.448364 667.661987 107.712982 325.590637 586.072998 117.239693 497.423065 7.412210 307.588348 231.819290 354.515717 
491.047852 553.427429 433.672119 265.333649 516.607239 759.165649 512.956299 544.156006 524.128418 184.380249 273.233063 337.899109 587.500305 701.879944 239.036926 456.308167 
169.771973 472.009644 315.593781 345.971161 444.457947 213.255722 453.684174 0.048599 29.328737 570.923889 497.471649 36.740948 108.512199 729.290894 391.256683 599.560059 

Matrix Matriz B::
2.957790 8.159054 6.855559 4.403429 4.920328 1.330814 4.666354 6.844132 9.466418 3.787604 6.954984 1.197733 6.025081 6.620504 6.928834 3.525732 
1.184286 3.937068 6.950490 3.469828 6.531748 6.968160 9.959795 6.350254 5.974746 4.262940 7.640307 7.152829 3.712724 6.131865 0.596865 6.670514 
4.290918 7.452424 1.073943 9.211246 8.783237 5.740296 6.055379 8.249657 9.527901 3.010362 9.447390 5.552982 9.630866 6.376224 9.078714 0.815152 
0.313292 6.029205 4.284981 6.845039 2.997365 4.244776 3.195293 8.972112 8.507716 0.835600 6.124940 2.220440 6.967464 6.721804 8.890954 1.258382 
4.174229 9.964896 0.469628 2.957467 5.705193 6.525007 1.207123 5.233093 9.535369 0.654513 0.786075 9.166235 7.030737 9.864790 9.981388 7.344028 
5.893994 4.266369 4.189067 8.891360 8.511145 7.384360 7.863471 7.018861 8.219961 3.988411 9.239300 5.187425 0.710215 8.130254 6.445807 4.884444 
8.095149 6.915436 7.841910 3.800342 3.440442 9.049033 9.033435 2.975812 9.703547 9.819510 2.142047 6.734283 9.684299 2.123435 4.078311 5.578294 
6.389804 8.267379 4.469654 4.900948 5.651740 2.333126 1.919809 3.871701 6.321536 1.159109 9.059126 7.031752 9.289362 5.504933 1.916195 7.384512 
2.420368 9.758106 1.184854 5.860811 8.807139 0.218289 8.836622 8.510686 0.037799 0.978670 5.244968 9.722098 3.102105 9.323280 5.300393 9.491909 
7.590659 9.770048 4.392857 3.242399 2.103173 6.312665 7.114100 8.424709 7.471774 6.173225 5.456461 6.761136 1.678158 7.372656 4.145648 4.098526 
7.130762 5.330501 9.959337 5.937901 5.548790 8.795959 4.448587 5.586588 9.774629 9.693556 5.308687 2.876734 9.016836 0.609080 2.368643 6.607495 
0.379128 6.761499 9.849894 2.482301 3.074165 6.963993 0.907010 0.545939 3.137218 6.363471 7.307075 4.815376 3.736128 1.452722 8.913902 0.866890 
6.783223 8.873240 6.804791 2.332013 7.669199 1.253379 7.918601 7.443828 0.946935 3.227289 0.320561 9.963771 3.836369 2.689204 6.571266 4.215497 
9.450704 6.421161 6.697798 2.524868 3.385154 7.604808 3.070807 6.522372 3.968279 0.377882 1.337748 7.704406 1.830604 0.251650 8.571297 8.613827 
9.124889 5.376087 0.945840 6.794088 6.629466 8.864442 4.237915 7.576401 2.091730 4.558477 7.540171 5.928099 7.247681 4.111437 0.143596 6.698385 
0.532598 6.841393 9.223253 3.917752 4.446201 2.294060 0.440124 8.414480 2.671942 1.777873 6.118887 4.502545 2.029523 4.690183 3.116373 1.154413 

Matrix Matriz C::
2037690.625000 1996469.875000 2002860.000000 2062999.750000 2033251.250000 2002700.000000 1989805.875000 1962881.125000 2031054.750000 2056993.875000 2033520.000000 2003068.250000 1995932.125000 2023460.250000 1977353.875000 2013103.375000 
1970654.875000 1950336.875000 1962328.625000 2003994.375000 2046443.750000 2028318.250000 2002195.875000 2024129.375000 1990559.250000 1939630.125000 1974902.000000 2026917.625000 1992817.875000 1975426.125000 2005063.125000 2002121.375000 
1986437.250000 2000161.875000 2078614.125000 1924933.250000 1952752.500000 2014856.750000 2069545.500000 1987277.500000 1993762.000000 1942155.250000 1984908.875000 1972227.125000 1982086.250000 1978587.250000 1996317.000000 1962567.375000 
2045388.000000 1945347.125000 1948192.000000 2031962.500000 2003622.750000 1978350.750000 1859962.125000 1921496.125000 2029832.375000 2045828.000000 1933075.000000 1926769.125000 1940872.250000 2014474.000000 1954275.250000 1972124.375000 
1947118.375000 1994980.625000 2009121.500000 2022088.875000 1993900.500000 1967645.000000 1958330.625000 2047079.500000 1995367.125000 2025511.250000 1985913.375000 2026617.500000 2038781.250000 2038899.875000 2041796.375000 2053431.875000 
2029076.750000 1993575.500000 1964533.250000 2009291.500000 2034807.250000 2004667.875000 1964149.875000 2006562.500000 1999336.625000 2006176.875000 2059129.375000 1979319.000000 1949309.250000 1953676.500000 2001597.750000 1992757.875000 
2080161.875000 1963131.625000 2022659.000000 2042806.250000 1993795.000000 1998589.000000 1992103.625000 1977101.500000 1937136.000000 2015891.125000 2015540.250000 2049326.875000 1966642.000000 1965469.875000 2014848.625000 1952314.625000 
1976460.125000 2066623.875000 1995126.250000 1978505.750000 2003144.375000 1976367.625000 2065039.375000 1990133.375000 1933527.875000 1960800.375000 1985005.750000 1998585.875000 2033691.375000 2087272.875000 2000062.625000 2034916.000000 
2028450.750000 1957829.125000 1939703.000000 1977762.500000 1983268.250000 2029172.500000 2090732.875000 2074150.125000 1987249.625000 1955324.750000 1975597.875000 2056143.750000 1996666.375000 2055490.625000 1972531.125000 2072613.625000 
2045980.500000 1925707.750000 2044007.500000 2010922.375000 2008137.375000 2003977.000000 2009184.375000 1971075.000000 1989690.375000 1986225.875000 2030933.250000 1981282.125000 2060707.000000 2012686.000000 1966225.625000 2031601.375000 
1981365.000000 2014799.375000 1989456.125000 1898310.625000 1902187.625000 1968976.625000 2029413.500000 2000528.000000 2082693.250000 2014061.500000 2032736.500000 2037203.125000 2001442.250000 2052674.500000 1997010.250000 2119427.000000 
2042149.500000 2028076.750000 1989529.375000 1996203.375000 2030755.750000 1955497.000000 1988171.000000 2044548.250000 1931452.375000 1969690.125000 2011093.000000 1950780.625000 1995695.500000 1917006.875000 1990974.750000 1971675.000000 
1990343.750000 1977118.875000 1989195.375000 1991624.625000 1980568.250000 1978597.875000 1960282.875000 2017163.500000 2010035.625000 1997671.125000 1937977.000000 2040083.625000 2041189.500000 2004065.000000 1967892.500000 1986889.000000 
1991299.750000 2061293.875000 1975054.750000 2009681.375000 2020967.750000 2083433.750000 1973457.625000 1914820.250000 2000243.750000 1984802.000000 1969169.000000 1985202.625000 2014212.125000 2043864.000000 1945295.750000 1935981.375000 
2009852.500000 2014159.250000 1978909.625000 1914449.375000 1988689.125000 2039593.375000 2021162.875000 1983441.750000 2051032.125000 1974475.500000 1993324.875000 1950311.125000 1983664.000000 1975243.250000 1911164.250000 1998159.750000 
1963837.375000 2044748.875000 1945888.250000 2034846.375000 2095347.750000 2027444.375000 2039557.000000 2017027.875000 1945352.000000 2059580.000000 2035164.000000 2015961.500000 1945114.875000 2007131.250000 1970520.375000 2000368.750000 
Overall time: 156.765991 ms

######### 2048x2048 #############################3
./t3 77.0 2048 2048 2048 2048 6 2048_A.dat 2048_B.dat result1_2048.dat result2_2048.dat

Scalar-matrix multiplication time: 1.334000 ms
Matrix-matrix multiplication time: 953.671021 ms

Matrix Matriz A::
83.296310 513.855347 722.464417 20.108017 186.539673 640.335388 254.378815 611.668274 195.954575 379.308502 293.293823 154.105560 564.701111 502.468292 29.782782 71.397530 
444.611877 324.391693 288.984406 718.001221 27.711311 761.090820 664.065369 150.926361 749.461975 37.663834 586.262146 728.223328 114.195137 69.648918 602.645935 197.491440 
583.504211 555.110352 217.599472 0.043887 425.445801 471.978271 611.712158 621.400330 81.286812 135.005966 5.505922 645.987854 637.474304 35.288704 717.385437 312.086182 
359.680359 236.369843 260.087372 387.391663 227.460693 154.152710 538.318054 206.922684 191.816544 354.580200 165.145981 306.011688 424.229126 767.791931 503.503113 237.733307 
552.902344 721.102539 237.777191 208.348099 423.080872 79.489349 59.748463 504.367706 214.495331 65.254379 380.355621 81.969597 100.543083 327.741089 394.055786 460.223450 
564.110901 654.143127 77.615150 21.571608 38.295853 615.933167 228.494278 230.112381 200.513367 393.640289 536.124084 624.742493 391.432220 269.627197 92.475769 174.334488 
220.729797 330.252960 382.682617 643.810669 409.742310 442.431091 378.178375 624.237610 507.685455 758.533936 706.207214 608.228516 316.275024 330.263031 298.451965 110.385933 
214.406143 376.067108 131.957535 252.701996 222.000305 360.451813 482.814423 422.513641 754.092102 248.938492 277.256104 375.524292 518.565674 369.731903 549.858765 739.295410 
699.984802 162.541412 613.106140 339.727173 604.972412 221.284500 193.964783 342.657867 209.818451 130.171997 180.886383 526.093445 460.434998 479.338348 636.479431 674.841125 
85.405479 768.436890 157.543152 307.405792 358.888794 640.357544 729.919434 342.980865 119.296021 237.175583 718.505249 637.861694 606.907471 498.363983 607.157166 536.892334 
660.905396 450.263336 106.619461 495.877838 671.547791 300.584259 68.535721 111.366257 430.756226 249.422104 637.459717 121.191223 728.760437 503.939148 26.032373 44.165947 
502.376099 183.575531 351.571716 91.264885 53.933075 311.491180 434.245758 173.229095 548.666809 382.750977 41.090797 385.574249 111.114975 648.247986 152.466568 2.020372 
328.511292 259.086029 497.898193 230.059067 559.670288 566.433960 341.425293 220.426498 45.856022 208.885071 341.617737 4.616483 712.824219 367.650085 48.782425 445.200317 
551.225647 400.354156 536.465271 605.158691 711.845398 200.710999 8.387787 490.512146 583.461975 49.478580 106.086388 694.576965 697.726501 258.552917 696.597351 256.237823 
517.638977 424.495544 486.296875 307.309235 220.929443 57.722206 527.735779 266.785492 266.607269 99.353470 271.401947 209.431503 467.003571 320.184387 654.631836 248.229187 
720.538513 421.097046 83.387878 662.383911 621.808044 91.775658 382.896027 435.269989 141.254242 488.982422 359.846954 68.980797 747.535339 286.444214 325.218597 495.174347 

Matrix Matriz B::
1.740523 5.125232 7.256829 2.449937 0.032819 4.457547 8.854706 1.110467 0.292652 1.529296 8.394020 0.484377 1.268811 4.413970 5.671243 2.525432 
3.464395 3.578661 6.001108 2.800176 2.387591 7.683471 5.454934 2.020717 0.507247 1.253996 4.109282 6.582031 2.712535 3.214911 8.113718 4.453058 
8.340143 5.370547 6.902995 8.372962 9.828094 5.757702 9.483429 0.120746 7.286998 7.877450 0.605123 8.555809 2.291420 6.276365 1.081240 5.755815 
9.855026 7.082348 8.555990 2.242618 4.765820 4.010924 4.263334 5.273066 5.264921 8.372617 1.855098 7.977457 1.587528 9.968816 2.430514 9.927671 
5.339363 9.333509 8.300633 5.167458 5.091211 7.784063 5.288203 2.378209 5.661512 5.893326 0.934018 7.952933 2.169692 2.015258 3.708747 2.024719 
9.097606 2.264737 4.267336 3.863425 6.275661 8.530671 9.136492 1.540582 6.903288 0.991589 9.518039 8.490815 0.960405 1.948553 8.418487 6.299768 
1.282063 6.719121 1.467225 6.373274 4.503183 6.755428 8.751483 0.164696 2.648755 9.685500 8.117629 4.818447 1.700758 1.826376 6.843166 0.798364 
4.091113 1.110502 4.661789 0.366775 9.641172 3.798281 1.907357 6.544460 4.789870 1.425396 5.035276 5.750275 3.373949 3.453763 2.050043 4.656012 
0.172883 3.517268 1.029285 4.676066 0.272696 9.780768 4.840763 2.921451 9.466269 2.958391 7.739898 1.167027 4.784767 4.583063 1.965392 8.875880 
5.693565 6.627181 9.242655 5.334738 0.425462 1.150013 1.879198 5.215331 2.575409 6.914474 0.965606 5.949358 0.368236 3.015649 0.605369 0.541120 
6.532917 1.634655 5.217186 6.805613 1.415423 0.057949 9.727064 0.881692 3.016340 7.466961 2.048719 7.801107 2.050025 4.014111 6.676988 7.743590 
0.641292 5.919643 3.078328 1.066754 7.069655 4.957526 6.282085 9.645064 1.872000 7.247691 5.594422 2.240236 0.263340 6.199791 2.781356 6.796257 
7.834446 7.998542 3.601869 9.249869 8.056490 3.328933 0.131561 1.072831 0.795894 2.180280 8.873938 2.845919 6.194391 5.550926 0.589509 6.835682 
1.470569 3.667836 7.902436 8.540224 8.625362 4.184522 8.185289 0.497362 1.432213 3.779711 2.737598 1.695553 9.979502 5.518954 8.491810 7.813949 
3.517496 2.093679 7.063818 1.573986 5.422612 7.195378 2.646817 6.218507 9.375658 1.520755 9.064425 5.570049 7.071681 9.653934 2.405732 8.542249 
3.321770 0.308168 7.082473 1.947133 4.492690 5.267762 2.444494 5.924902 9.047472 5.182092 7.620456 9.026975 0.701046 6.112266 6.840923 4.218542 

Matrix Matriz C::
3953779.750000 3905983.250000 4088634.000000 3927480.000000 3920639.000000 3819205.750000 3984185.750000 3894588.250000 3961895.250000 3948900.000000 3840743.250000 3910303.500000 3915349.750000 3922797.500000 3968720.500000 3956911.500000 
3886389.000000 3967968.500000 3923824.750000 3854144.500000 3992035.250000 3929398.500000 3932248.750000 3792289.250000 3985183.750000 3862160.000000 4019345.500000 3978347.250000 4029041.000000 4010752.500000 3976139.500000 4026909.750000 
4044101.750000 3951597.750000 4002170.750000 4025146.750000 3993282.750000 3929449.250000 3966528.750000 3884117.250000 3946476.750000 3966243.500000 3940395.500000 3917181.500000 3997149.250000 3913709.250000 4034759.500000 3985365.000000 
3880954.250000 3965465.000000 3862675.000000 3875117.750000 3929891.000000 3795415.750000 3928075.250000 3913275.500000 3866226.750000 4007292.750000 3972789.250000 3961804.250000 3910733.500000 3954717.000000 3941208.000000 3930115.000000 
4000096.250000 3953477.750000 3972492.500000 3966694.250000 3883330.750000 3896553.750000 3873041.750000 3990985.500000 4008337.250000 4041143.000000 3887665.500000 3841632.250000 3908781.000000 3951196.500000 3890973.500000 3934536.250000 
3881357.750000 3932097.250000 3929795.000000 3946490.500000 3883493.500000 3888587.250000 3882957.000000 3873044.500000 3962971.500000 4028738.750000 3883531.250000 3947399.250000 3981886.000000 3917526.500000 3911224.250000 3914034.750000 
3913274.750000 3842579.500000 3954156.750000 3916772.750000 3881449.750000 4025940.500000 3874785.250000 3942896.500000 3944719.000000 3910836.250000 4000110.500000 3935651.750000 4010256.500000 3970102.750000 3904655.500000 3906211.250000 
3878865.000000 4018005.500000 4000804.250000 3947818.250000 3925105.500000 3963947.750000 3931093.000000 3987593.250000 3881872.500000 4031188.750000 3888424.250000 3994721.750000 3968764.250000 3890458.000000 3897208.250000 4029589.750000 
4012928.000000 3984955.500000 3950351.250000 4011026.250000 3872335.250000 3866731.250000 3900378.750000 3970550.750000 4016038.750000 3919379.000000 3946760.500000 3976690.750000 3975643.750000 4037917.500000 3929697.250000 3997677.500000 
3996901.500000 4009624.000000 4062253.000000 3863514.250000 3909004.500000 3988902.250000 3952909.000000 3974765.250000 3933129.000000 3891915.250000 3980263.750000 3911987.250000 3962661.750000 3958372.750000 3942604.250000 3857295.250000 
3892763.250000 3895346.500000 4001426.500000 3959173.750000 4005404.500000 3857646.000000 4048743.750000 3958782.500000 3957097.500000 3969404.250000 3957915.750000 3984915.000000 4023470.500000 3933777.500000 3913807.000000 3959427.500000 
3897763.250000 3962764.750000 3917419.750000 3873466.500000 3966369.750000 4045437.000000 4057949.250000 3945675.750000 3875092.250000 3980806.500000 3998878.000000 3980889.750000 3996986.750000 3984449.750000 3935677.000000 3929280.500000 
3884868.250000 3857783.250000 3967450.250000 3887422.750000 3935357.000000 3996818.250000 3857871.000000 4002466.250000 3976147.750000 4010181.000000 3871603.500000 3907600.250000 3944033.500000 4008588.000000 3997981.500000 3871206.000000 
4051225.250000 3975275.000000 3989162.500000 3960289.250000 3960281.750000 3936044.750000 3906138.250000 4023694.000000 3885460.750000 3998409.250000 3974972.500000 4015444.750000 3894933.000000 3958398.250000 3881647.000000 3934941.500000 
3959017.500000 3962957.000000 3860354.750000 4018877.500000 3890342.750000 3955872.250000 3952810.250000 4024201.250000 3860231.750000 3917673.000000 3963989.000000 3967228.500000 3976029.000000 4001910.000000 4033277.750000 3937675.750000 
3974826.000000 4011821.500000 4013113.750000 3931513.500000 3982340.750000 3941108.250000 3911397.500000 3804957.250000 4128224.750000 3930715.500000 3994953.250000 3833251.000000 3970208.250000 3935257.750000 3869327.750000 3840357.000000 

Overall time: 1006.908997 ms

Análise Comparativa:
    A = e * A
        1024--> 0.331000 ms
        2048--> 1.334000 ms
    AxB = C 
        1024--> 141.979004 ms
        2048--> 953.671021 ms
    Overall:
        1024--> 156.765991 ms
        2048--> 1006.908997 ms
        